waypoints:
- latitude: 17.72333775094999
  longitude: 78.09434301123497
  yaw: 0.0
- latitude: 17.7233378216562
  longitude: 78.09438629341935
  yaw: 0.0
- latitude: 17.723379551187087
  longitude: 78.09438700502454
  yaw: 0.0
- latitude: 17.723380382999633
  longitude: 78.09434389106873
  yaw: 0.0
